$ANSIBLE_VAULT;1.1;AES256
39353763326334336364333739326563313131646666333939316666393064646362333630653935
3933643635346534366266396331653364373234373563340a643031353832636163666534383839
66323330393962366133386262643835386462306264616665323264386164636434613761313435
6232336337393939300a323337306131386166623739313638333935646366646630343530653265
30373631616362323030653439356366633137376163323934343332356136653333623235653834
63376362313362336464383234383837316462633530313630306634323662663333313164663438
65323464393362326461663062666261613864333038613037663030386637666434383530383232
30363631356466646166343664643735393434623739313665613964663532373631633031383937
62626238653566633332623531306466636662616130643335623231396164313636666439366662
66623536383061623762653734366566346531386439303662653434656234393463636234346561
64656166653031613764663037366333336164356135343133346635333133336333613965356432
64663466353836346131396462623431306634373839393131396361623961393166366236326465
31613463313739393132333865343038623636333830666635633436643333616663613139663262
37653633623738396265313939643338643563383461666336656564643934366364373561643934
35303934386462316439303461303666363833316538393639656562346336653363636666306630
39343331383161303963663139396134613433623835643065346465653538323365353164343434
64373139653439656364383834656661373163316437393432333033306631376132336661616163
63363235326137643566633666356333376564616165393833613632343865326164663963373665
62643633363831613135396530383137353330353335626234646562383737373631363232373831
31613734383236623433366264336631656335653735653735346234663063393666643139313133
35373264653862613132346565373533333261376238396532383733663165613933343232303664
36316638356562646530653636306636383936643633666136323961653061386434633735356631
33353735363864316165366233643063356436313930363631623165316530316532343664313763
65346462646534373037646134363333656465656332306637306563653063303237303764646462
34343539356331396261376130353435356532333135613533386533343637386235313162666161
31663634666666666239376364363361363334633039376466333938633761343133633336386638
33616463656332316462353830616430616233393331343063303736376432313831663635363437
66333331646261363762316333303165333564633036633238626539383733393063323732633031
34663337383438373562336163653763313532383936326661306534336230633935646164306439
37356538653835363061646163663933396531363238363936666339393063393530316634396665
31643665383237613734663231666439616633336462373130356435366363626362326633313264
61363166386464643034373332656161663035356534663130363762656331663665386131633964
30646363373562613463346136383132613835313062663031653433653863393866383561653333
63643664376362613637633039313838653462636238393661626462353661396338373031663434
36306439393562386665323430306662396366303730386536313635326235326633626635343363
34623066353438663234346163366332643634376231316535623939666230613866303437336531
37376665623863643064616233636635633637666161623134373561613631383161333132386539
30343837386233646562633032613038373537363261386437373662333833623833396361656434
39626165363362326163333864363437313039616435636439393037323830313966373732306331
36396131663436323736306237646437633539666162323162623264636164326662303934326131
36383133646161363930613033643261646436346462356430616633626135313266303365383864
37343638396561623434386164316236633031333336393332663530333937623631356264383337
65313064623438633532616439633661633865336233343263396635373363363463366132336266
37666538663136376231356431393135336565646664636632376537356630346434636135303461
39613839326461346634303862346533316332306237626239613364656164303538663661386233
37636436346537353331373138336639323166313832616566343035656663326532396333613063
61306131363866316362633562323239363830653361656333303534333435623336333330636532
38393739373464333637643937303139626139363030363037383861306662373362336566386235
37383434376362353034373339353938643464326230346261303163343663393330626365303835
35316336633736613865653133383331373262663166323638656337313738336561643138633531
376138613463643163313566333166343039
